Steps : 700000
UTMOS      : 3.095811743736267

Steps : 700000
Total 100 samples
WER      : 13.546%

Total 100 samples
CER      : 3.748%

Steps : 700000
UTMOS      : 3.095811743736267

Ground Truth
UTMOS      : 3.1096676313662313

Ground Truth
Total 22200 samples
WER      : 10.997%

Total 22200 samples
CER      : 3.218%

